4294967294,0
4294967278,18
4294967278,17
4294967278,16
4294967278,15
4294967278,14
4294967278,13
4294967278,12
4294967278,11
4294967278,35
4294967278,34
4294967278,33
4294967278,32
4294967278,31
4294967278,30
4294967278,29
4294967278,28
4294967278,27
4294967278,26
4294967278,25
4294967278,24
4294967278,23
4294967278,22
4294967278,21
4294967278,20
4294967278,19
4294967279,21
4294967279,19
4294967279,17
4294967279,15
4294967279,13
4294967294,50
4294967294,462
4294967294,463
4294967294,464
4294967294,1089
4294967294,243
4294967294,241
4294967294,235
4294967294,219
4294967294,218
4294967294,216
4294967294,215
4294967294,214
4294967294,212
4294967294,201
4294967294,209
4294967294,202
4294967294,256
4294967294,259
4294967279,265
4294967294,7
4294967294,5
4294967294,115
4294967294,387
4294967294,161
4294967294,180
4294967294,175
4294967294,466
4294967294,461
4294967294,394
4294967294,465
4294967294,460
4294967294,459
4294967294,458
4294967294,467
4294967294,221
4294967294,27
4294967294,104
4294967294,160
4294967294,42
4294967294,97
4294967294,99
4294967294,76
4294967294,426
4294967294,52
4294967294,457
4294967294,198
4294967294,196
4294967294,195
4294967294,194
4294967294,193
4294967294,244
4294967294,240
4294967294,224
4294967294,60
4294967294,260
4294967294,217
4294967294,263
4294967294,211
4294967294,262
4294967294,261
4294967294,81
4294967294,210
4294967294,205
4294967294,204
4294967294,208
4294967294,438
4294967294,258
4294967294,257
4294967294,31
4294967294,127
4294967294,126
4294967294,20
4294967294,13
4294967278,132
4294967278,131
4294967278,130
4294967278,129
4294967278,128
4294967278,127
4294967278,126
4294967278,125
4294967278,124
4294967278,123
4294967278,122
4294967278,121
4294967278,120
4294967278,119
4294967278,118
4294967278,117
4294967278,116
4294967278,115
4294967278,114
4294967278,113
4294967278,112
4294967278,111
4294967278,110
4294967278,109
4294967278,108
4294967278,107
4294967278,106
4294967278,105
4294967278,104
4294967278,103
4294967278,102
4294967278,101
4294967278,100
4294967278,99
4294967278,98
4294967278,97
4294967278,96
4294967278,95
4294967278,94
4294967278,93
4294967278,92
4294967278,91
4294967278,90
4294967278,89
4294967278,87
4294967278,86
4294967278,85
4294967278,84
4294967278,83
4294967278,82
4294967278,81
4294967278,80
4294967278,79
4294967278,78
4294967278,77
4294967278,76
4294967278,75
4294967278,74
4294967278,73
4294967278,72
4294967278,71
4294967278,70
4294967278,69
4294967278,68
4294967278,67
4294967278,66
4294967278,65
4294967278,64
4294967278,63
4294967278,62
4294967278,61
4294967278,60
4294967278,59
4294967278,58
4294967278,57
4294967278,56
4294967278,55
4294967278,54
4294967278,53
4294967278,52
4294967278,51
4294967278,50
4294967278,49
4294967278,48
4294967278,47
4294967278,46
4294967278,45
4294967278,44
4294967278,43
4294967278,42
4294967278,41
4294967278,40
4294967278,39
4294967278,38
4294967278,37
4294967278,36
4294967279,20
4294967279,18
4294967279,16
4294967279,14
4294967279,12
4294967279,11
4294967279,10
4294967279,9
4294967279,7
4294967279,6
4294967279,5
4294967279,4
4294967294,61
4294967294,46
4294967294,116
4294967294,384
4294967294,185
4294967294,69
4294967279,264
4294967294,68
4294967294,11
4294967294,2
4294967294,1
4294967294,183
4294967294,176
4294967294,12
4294967294,119
4294967294,417
4294967294,451
0,5
4294967294,431
4294967294,584
4294967294,423
4294967294,103
4294967294,165
4294967294,25
4294967294,17
4294967294,67
4294967294,36
4294967294,41
4294967294,43
4294967294,51
4294967294,112
4294967294,167
4294967294,35
4294967279,285
4294967279,0
4294967279,8
4294967294,433
4294967294,18
4294967294,14
4294967294,106
4294967294,166
